450 450 0.486112512634 -0.559648857835
450 455 0.495999807642 -0.563452206065
450 460 0.505950498136 -0.567159272297
450 465 0.515964256567 -0.570769068608
450 470 0.526040750333 -0.574280591829
450 475 0.536179641682 -0.577692823263
450 480 0.546380587609 -0.581004728374
450 485 0.556643239751 -0.584215256458
450 490 0.566967244267 -0.58732334029
450 495 0.577352241716 -0.590327895757
450 500 0.587797866927 -0.593227821463
450 505 0.598303748861 -0.596021998314
450 510 0.608869510465 -0.598709289077
450 515 0.619494768522 -0.601288537925
450 520 0.630179133486 -0.603758569946
450 525 0.640922209316 -0.606118190638
450 530 0.651723593299 -0.60836618537
450 535 0.66258287586 -0.610501318821
450 540 0.67349964037 -0.612522334391
450 545 0.684473462939 -0.614427953585
450 550 0.695503912204 -0.616216875359
450 555 0.706590549101 -0.617887775446
450 560 0.717732926627 -0.619439305646
450 565 0.728930589601 -0.620870093071
450 570 0.740183074395 -0.622178739375
450 575 0.751489908669 -0.623363819926
450 580 0.762850611085 -0.624423882953
450 585 0.774264691005 -0.625357448642
450 590 0.785731648183 -0.626163008196
450 595 0.797250972437 -0.626839022845
450 600 0.8088221433 -0.627383922805
450 605 0.820444629663 -0.627796106193
450 610 0.832117889394 -0.628073937882
450 615 0.843841368943 -0.628215748299
450 620 0.855614502919 -0.628219832166
450 625 0.867436713656 -0.628084447175
450 630 0.879307410746 -0.627807812593
450 635 0.891225990555 -0.627388107794
450 640 0.903191835714 -0.626823470722
450 645 0.915204314576 -0.626111996261
455 450 0.490881467217 -0.555679369389
455 455 0.500816029977 -0.559380356644
455 460 0.510813134731 -0.562984276083
455 465 0.52087244275 -0.566490138297
455 470 0.530993610101 -0.569896938677
455 475 0.541176287547 -0.573203657118
455 480 0.551420120438 -0.576409257709
455 485 0.561724748601 -0.579512688401
455 490 0.572089806214 -0.582512880647
455 495 0.582514921678 -0.585408749028
455 500 0.592999717484 -0.58819919086
455 505 0.603543810066 -0.590883085767
455 510 0.614146809653 -0.593459295246
455 515 0.624808320106 -0.595926662198
455 520 0.635527938753 -0.598284010439
455 525 0.646305256212 -0.600530144188
455 530 0.657139856209 -0.602663847525
455 535 0.668031315378 -0.604683883827
455 540 0.678979203066 -0.606588995174
455 545 0.689983081112 -0.608377901725
455 550 0.70104250363 -0.610049301068
455 555 0.712157016771 -0.611601867536
455 560 0.723326158481 -0.613034251489
455 565 0.73454945824 -0.614345078567
455 570 0.745826436795 -0.615532948899
455 575 0.757156605881 -0.616596436285
455 580 0.76853946792 -0.617534087326
455 585 0.779974515713 -0.618344420524
455 590 0.791461232117 -0.61902592533
455 595 0.802999089704 -0.619577061152
455 600 0.8145875504 -0.619996256308
455 605 0.826226065115 -0.62028190693
455 610 0.837914073344 -0.620432375819
455 615 0.849651002759 -0.620445991233
455 620 0.861436268772 -0.620321045619
455 625 0.873269274078 -0.620055794282
455 630 0.885149408175 -0.619648453982
455 635 0.897076046863 -0.619097201456
455 640 0.909048551707 -0.618400171874
455 645 0.921066269481 -0.617555457196
460 450 0.495587525989 -0.551688619338
460 455 0.505568342747 -0.555286955265
460 460 0.515610842645 -0.558787443668
460 465 0.52571467573 -0.562189093724
460 470 0.535879486697 -0.56549089945
460 475 0.546104914781 -0.568691839406
460 480 0.556390593647 -0.571790876377
460 485 0.566736151267 -0.574786957038
460 490 0.577141209796 -0.577679011586
460 495 0.587605385438 -0.580465953371
460 500 0.5981282883 -0.583146678486
460 505 0.608709522249 -0.585720065347
460 510 0.619348684747 -0.588184974245
460 515 0.630045366693 -0.590540246881
460 520 0.640799152242 -0.592784705866
460 525 0.651609618627 -0.594917154211
460 530 0.662476335963 -0.596936374775
460 535 0.673398867048 -0.598841129703
460 540 0.684376767154 -0.600630159822
460 545 0.6954095838 -0.602302184017
460 550 0.706496856525 -0.603855898577
460 555 0.717638116643 -0.605289976501
460 560 0.728832886989 -0.606603066783
460 565 0.740080681653 -0.607793793655
460 570 0.751381005699 -0.608860755796
460 575 0.762733354872 -0.609802525502
460 580 0.774137215295 -0.610617647819
460 585 0.785592063143 -0.611304639634
460 590 0.797097364308 -0.611861988715
460 595 0.808652574045 -0.612288152718
460 600 0.820257136602 -0.61258155813
460 605 0.831910484831 -0.612740599171
460 610 0.843612039777 -0.612763636638
460 615 0.855361210251 -0.612648996686
460 620 0.867157392381 -0.612394969559
460 625 0.878999969135 -0.611999808243
460 630 0.890888309824 -0.611461727057
460 635 0.90282176958 -0.610778900175
460 640 0.914799688802 -0.609949460054
460 645 0.926821392576 -0.6089714958
465 450 0.500232112304 -0.547676732107
465 455 0.510258181077 -0.551172114807
465 460 0.520345068593 -0.55456887619
465 465 0.530492413634 -0.557866024091
465 470 0.540699849478 -0.561062551226
465 475 0.550967003789 -0.564157434891
465 480 0.5612934985 -0.567149636639
465 485 0.571678949687 -0.570038101935
465 490 0.582122967436 -0.572821759798
465 495 0.592625155707 -0.57549952241
465 500 0.603185112181 -0.578070284714
465 505 0.613802428108 -0.580532923988
465 510 0.624476688142 -0.582886299388
465 515 0.635207470168 -0.585129251482
465 520 0.645994345122 -0.587260601749
465 525 0.656836876801 -0.589279152059
465 530 0.667734621662 -0.591183684123
465 535 0.678687128615 -0.592972958921
465 540 0.689693938802 -0.594645716097
465 545 0.700754585371 -0.596200673334
465 550 0.711868593229 -0.597636525687
465 555 0.723035478797 -0.598951944896
465 560 0.734254749742 -0.600145578657
465 565 0.745525904701 -0.601216049864
465 570 0.756848432991 -0.602161955815
465 575 0.768221814308 -0.602981867374
465 580 0.779645518405 -0.603674328101
465 585 0.791119004762 -0.604237853336
465 590 0.802641722235 -0.604670929237
465 595 0.814213108688 -0.604972011776
465 600 0.825832590613 -0.60513952568
465 605 0.837499582723 -0.605171863327
465 610 0.849213487527 -0.605067383577
465 615 0.86097369489 -0.604824410556
465 620 0.872779581563 -0.60444123237
465 625 0.884630510691 -0.603916099757
465 630 0.8965258313 -0.603247224667
465 635 0.90846487775 -0.60243277877
465 640 0.920446969164 -0.601470891887
465 645 0.932471408826 -0.600359650333
470 450 0.504816593792 -0.543643804306
470 455 0.51488692339 -0.547035920364
470 460 0.525017201615 -0.550328647047
470 465 0.535207055935 -0.55352099092
470 470 0.545456108166 -0.556611943469
470 475 0.555763974354 -0.559600480799
470 480 0.566130264653 -0.562485563301
470 485 0.576554583196 -0.565266135306
470 490 0.587036527956 -0.567941124722
470 495 0.597575690599 -0.570509442637
470 500 0.608171656332 -0.572969982915
470 505 0.618824003741 -0.575321621763
470 510 0.62953230462 -0.577563217277
470 515 0.640296123793 -0.579693608963
470 520 0.651115018924 -0.581711617236
470 525 0.661988540323 -0.583616042897
470 530 0.672916230735 -0.585405666577
470 535 0.683897625126 -0.587079248163
470 540 0.694932250457 -0.58863552619
470 545 0.706019625443 -0.590073217205
470 550 0.717159260303 -0.591391015103
470 555 0.728350656503 -0.592587590432
470 560 0.73959330648 -0.593661589662
470 565 0.750886693353 -0.594611634422
470 570 0.762230290628 -0.595436320695
470 575 0.773623561879 -0.596134217987
470 580 0.785065960422 -0.596703868442
470 585 0.796556928966 -0.597143785924
470 590 0.808095899255 -0.597452455051
470 595 0.819682291684 -0.597628330182
470 600 0.831315514904 -0.597669834355
470 605 0.842994965403 -0.597575358173
470 610 0.854720027068 -0.597343258634
470 615 0.866490070722 -0.596971857902
470 620 0.878304453643 -0.596459442017
470 625 0.890162519054 -0.595804259536
470 630 0.902063595586 -0.595004520109
470 635 0.914006996716 -0.594058392976
470 640 0.925992020179 -0.592964005384
470 645 0.938017947334 -0.591719440929
475 450 0.509342285142 -0.539589905569
475 455 0.519455894238 -0.542878430083
475 460 0.529628575939 -0.546066802723
475 465 0.539859946352 -0.549154028858
475 470 0.550149615781 -0.552139098821
475 475 0.560497188606 -0.555020987596
475 480 0.570902263156 -0.557798654487
475 485 0.58136443157 -0.560471042763
475 490 0.591883279656 -0.563037079292
475 495 0.602458386741 -0.565495674142
475 500 0.613089325505 -0.56784572017
475 505 0.623775661819 -0.570086092585
475 510 0.634516954566 -0.572215648491
475 515 0.645312755455 -0.574233226404
475 520 0.656162608825 -0.57613764575
475 525 0.667066051442 -0.57792770633
475 530 0.678022612284 -0.579602187768
475 535 0.689031812318 -0.58115984893
475 540 0.70009316426 -0.582599427308
475 545 0.711206172333 -0.583919638389
475 550 0.722370332008 -0.585119174978
475 555 0.733585129729 -0.586196706505
475 560 0.744850042637 -0.587150878283
475 565 0.756164538268 -0.587980310744
475 570 0.767528074242 -0.588683598636
475 575 0.778940097943 -0.589259310171
475 580 0.790400046169 -0.589705986152
475 585 0.801907344785 -0.590022139038
475 590 0.813461408337 -0.590206251976
475 595 0.82506163967 -0.590256777785
475 600 0.836707429507 -0.590172137885
475 605 0.84839815602 -0.589950721177
475 610 0.860133184377 -0.589590882866
475 615 0.871911866264 -0.589090943224
475 620 0.883733539382 -0.588449186296
475 625 0.895597526921 -0.587663858531
475 630 0.90750313701 -0.586733167346
475 635 0.919449662127 -0.585655279619
475 640 0.931436378491 -0.584428320098
475 645 0.943462545414 -0.583050369721
480 450 0.51381045071 -0.535515079309
480 455 0.523966366933 -0.538699675898
480 460 0.534180473645 -0.54178336351
480 465 0.544452375542 -0.544765146396
480 470 0.554781671367 -0.547644013807
480 475 0.565167953784 -0.550418939684
480 480 0.575610809243 -0.553088882315
480 485 0.58610981784 -0.555652783984
480 490 0.596664553169 -0.55810957059
480 495 0.607274582159 -0.560458151255
480 500 0.617939464915 -0.562697417901
480 505 0.62865875454 -0.564826244812
480 510 0.639431996948 -0.566843488175
480 515 0.650258730678 -0.568747985589
480 520 0.661138486688 -0.570538555559
480 525 0.672070788142 -0.572213996962
480 530 0.683055150193 -0.573773088487
480 535 0.694091079744 -0.575214588048
480 540 0.705178075208 -0.576537232173
480 545 0.716315626252 -0.577739735356
480 550 0.727503213528 -0.578820789387
480 555 0.738740308396 -0.579779062647
480 560 0.750026372628 -0.580613199366
480 565 0.761360858104 -0.581321818855
480 570 0.772743206488 -0.581903514692
480 575 0.784172848891 -0.582356853875
480 580 0.795649205519 -0.582680375932
480 585 0.807171685305 -0.582872591992
480 590 0.818739685518 -0.582931983804
480 595 0.830352591358 -0.582857002719
480 600 0.842009775529 -0.58264606861
480 605 0.853710597795 -0.582297568748
480 610 0.865454404502 -0.581809856615
480 615 0.877240528093 -0.581181250668
480 620 0.889068286586 -0.580410033025
480 625 0.900936983029 -0.579494448096
480 630 0.912845904925 -0.578432701139
480 635 0.924794323632 -0.577222956741
480 640 0.936781493727 -0.575863337215
480 645 0.948806652336 -0.574351920918
485 450 0.518222306938 -0.531419343368
485 455 0.528419566 -0.534499664176
485 460 0.53867412715 -0.537478324148
485 465 0.54898558362 -0.54035432649
485 470 0.55935352254 -0.54312665945
485 475 0.569777524805 -0.545794296
485 480 0.580257164935 -0.54835619349
485 485 0.590792010929 -0.550811293288
485 490 0.601381624111 -0.553158520406
485 495 0.612025558963 -0.55539678309
485 500 0.622723362954 -0.557524972402
485 505 0.633474576362 -0.559541961778
485 510 0.644278732079 -0.561446606557
485 515 0.655135355414 -0.563237743496
485 520 0.666043963884 -0.564914190254
485 525 0.677004066991 -0.566474744857
485 530 0.688015165998 -0.567918185132
485 535 0.699076753683 -0.569243268117
485 540 0.710188314088 -0.570448729444
485 545 0.721349322256 -0.571533282691
485 550 0.732559243954 -0.572495618706
485 555 0.743817535384 -0.573334404894
485 560 0.755123642878 -0.574048284477
485 565 0.766477002583 -0.574635875716
485 570 0.777877040124 -0.575095771093
485 575 0.789323170264 -0.575426536464
485 580 0.800814796531 -0.575626710158
485 585 0.812351310839 -0.575694802045
485 590 0.823932093088 -0.575629292551
485 595 0.835556510742 -0.575428631631
485 600 0.84722391839 -0.575091237684
485 605 0.85893365728 -0.574615496423
485 610 0.870685054839 -0.573999759685
485 615 0.882477424156 -0.573242344177
485 620 0.89431006345 -0.572341530166
485 625 0.906182255507 -0.571295560096
485 630 0.918093267084 -0.570102637137
485 635 0.930042348288 -0.568760923655
485 640 0.942028731918 -0.567268539601
485 645 0.954051632773 -0.565623560819
490 450 0.522579024616 -0.527302690598
490 455 0.532816669463 -0.530278376286
490 460 0.543110721515 -0.533151654374
490 465 0.553460762487 -0.535921527104
490 470 0.563866367843 -0.538586981799
490 475 0.574327106652 -0.541146990535
490 480 0.584842541452 -0.543600509802
490 485 0.595412228087 -0.545946480133
490 490 0.606035715556 -0.548183825723
490 495 0.616712545835 -0.550311454019
490 500 0.627442253703 -0.552328255301
490 505 0.638224366552 -0.554233102227
490 510 0.649058404191 -0.556024849369
490 515 0.65994387864 -0.557702332713
490 520 0.67088029391 -0.55926436915
490 525 0.68186714578 -0.560709755926
490 530 0.692903921556 -0.562037270082
490 535 0.703990099823 -0.563245667854
490 540 0.715125150185 -0.564333684056
490 545 0.726308532991 -0.565300031421
490 550 0.737539699048 -0.566143399929
490 555 0.748818089325 -0.566862456085
490 560 0.760143134637 -0.567455842177
490 565 0.771514255316 -0.567922175489
490 570 0.782930860873 -0.568260047485
490 575 0.794392349631 -0.56846802295
490 580 0.805898108352 -0.56854463909
490 585 0.817447511842 -0.568488404591
490 590 0.829039922537 -0.568297798629
490 595 0.840674690068 -0.567971269836
490 600 0.852351150803 -0.567507235214
490 605 0.864068627374 -0.566904078992
490 610 0.875826428172 -0.566160151432
490 615 0.887623846821 -0.565273767569
490 620 0.899460161621 -0.564243205891
490 625 0.911334634972 -0.563066706949
490 630 0.923246512754 -0.561742471897
490 635 0.935195023688 -0.560268660952
490 640 0.947179378653 -0.558643391777
490 645 0.959198769974 -0.556864737772
495 450 0.526881730989 -0.523165089347
495 455 0.537158810977 -0.526035769073
495 460 0.547491396605 -0.528803299396
495 465 0.557879058018 -0.531466681671
495 470 0.568321358954 -0.534024902375
495 475 0.578817856604 -0.53647693277
495 480 0.589368101462 -0.538821728563
495 485 0.599971637164 -0.541058229526
495 490 0.610628000323 -0.543185359115
495 495 0.621336720352 -0.54520202406
495 500 0.632097319276 -0.54710711393
495 505 0.642909311544 -0.548899500686
495 510 0.653772203817 -0.550578038205
495 515 0.664685494761 -0.552141561782
495 520 0.675648674819 -0.553588887611
495 525 0.686661225977 -0.55491881224
495 530 0.697722621517 -0.556130111996
495 535 0.708832325762 -0.55722154239
495 540 0.719989793804 -0.558191837491
495 545 0.731194471223 -0.559039709267
495 550 0.742445793793 -0.559763846904
495 555 0.75374318717 -0.560362916083
495 560 0.76508606657 -0.560835558231
495 565 0.77647383643 -0.561180389733
495 570 0.787905890054 -0.561396001111
495 575 0.79938160924 -0.561480956155
495 580 0.810900363893 -0.561433791021
495 585 0.822461511614 -0.561253013288
495 590 0.834064397274 -0.560937100958
495 595 0.845708352567 -0.560484501416
495 600 0.857392695537 -0.55989363034
495 605 0.869116730087 -0.559162870553
495 610 0.880879745457 -0.558290570816
495 615 0.892681015685 -0.557275044566
495 620 0.904519799029 -0.556114568587
495 625 0.91639533737 -0.554807381613
495 630 0.928306855576 -0.553351682853
495 635 0.94025356084 -0.551745630453
495 640 0.952234641974 -0.549987339857
495 645 0.964249268672 -0.548074882095
500 450 0.531131511724 -0.51900648388
500 455 0.541447081817 -0.521771775269
500 460 0.5518172491 -0.524433180283
500 465 0.562241572088 -0.526989699475
500 470 0.572719602738 -0.52944031855
500 475 0.583250886304 -0.531784008042
500 480 0.593834961178 -0.534019722947
500 485 0.604471358726 -0.536146402361
500 490 0.615159603117 -0.538162969082
500 495 0.625899211136 -0.540068329193
500 500 0.636689691996 -0.541861371636
500 505 0.647530547134 -0.54354096775
500 510 0.658421270003 -0.545105970796
500 515 0.669361345846 -0.546555215455
500 520 0.680350251469 -0.547887517304
500 525 0.691387454996 -0.549101672266
500 530 0.702472415614 -0.550196456034
500 535 0.713604583311 -0.55117062347
500 540 0.724783398592 -0.552022907976
500 545 0.736008292191 -0.552752020831
500 550 0.747278684766 -0.553356650503
500 555 0.758593986581 -0.553835461927
500 560 0.769953597167 -0.554187095747
500 565 0.781356904978 -0.554410167528
500 570 0.792803287023 -0.554503266921
500 575 0.804292108482 -0.5544649568
500 580 0.815822722301 -0.554293772352
500 585 0.82739446878 -0.553988220122
500 590 0.839006675122 -0.553546777014
500 595 0.850658654976 -0.552967889246
500 600 0.862349707949 -0.552249971249
500 605 0.874079119097 -0.551391404512
500 610 0.885846158393 -0.550390536375
500 615 0.89765008016 -0.549245678754
500 620 0.909490122484 -0.547955106804
500 625 0.921365506591 -0.546517057515
500 630 0.933275436195 -0.544929728232
500 635 0.945219096812 -0.543191275099
500 640 0.957195655032 -0.541299811418
500 645 0.969204257758 -0.539253405925
505 450 0.535329412752 -0.514826794719
505 455 0.545682532736 -0.517486303824
505 460 0.556089334367 -0.520041194296
505 465 0.56654936447 -0.522490465962
505 470 0.57706216316 -0.524833103847
505 475 0.587627263695 -0.527068077826
505 480 0.598244192303 -0.529194342277
505 485 0.608912468021 -0.531210835694
505 490 0.619631602508 -0.533116480295
505 495 0.63040109986 -0.534910181602
505 500 0.641220456411 -0.536590828005
505 505 0.652089160522 -0.538157290303
505 510 0.663006692365 -0.539608421219
505 515 0.673972523697 -0.540943054899
505 520 0.684986117613 -0.54216000638
505 525 0.696046928304 -0.54325807104
505 530 0.707154400787 -0.544236024017
505 535 0.718307970638 -0.545092619603
505 540 0.729507063695 -0.545826590611
505 545 0.740751095769 -0.546436647708
505 550 0.752039472318 -0.546921478725
505 555 0.763371588125 -0.547279747927
505 560 0.774746826952 -0.547510095257
505 565 0.786164561177 -0.547611135531
505 570 0.797624151419 -0.547581457615
505 575 0.80912494614 -0.547419623544
505 580 0.820666281234 -0.54712416761
505 585 0.832247479589 -0.546693595406
505 590 0.843867850632 -0.546126382818
505 595 0.855526689857 -0.545420974972
505 600 0.867223278315 -0.544575785129
505 605 0.878956882098 -0.543589193526
505 610 0.890726751781 -0.542459546158
505 615 0.902532121843 -0.541185153497
505 620 0.914372210061 -0.539764289147
505 625 0.926246216865 -0.538195188434
505 630 0.938153324667 -0.536476046911
505 635 0.95009269715 -0.5346050188
505 640 0.962063478521 -0.532580215338
505 645 0.974064792724 -0.530399703038
510 450 0.539476441983 -0.510625918915
510 455 0.549866175702 -0.513179240169
510 460 0.560308668215 -0.515627215129
510 465 0.570803454598 -0.517968842987
510 470 0.581350063067 -0.520203108163
510 475 0.591948014815 -0.522328979966
510 480 0.602596823849 -0.524345412229
510 485 0.613295996809 -0.526251342931
510 490 0.624045032782 -0.528045693791
510 495 0.634843423108 -0.529727369851
510 500 0.645690651173 -0.531295259032
510 505 0.656586192195 -0.53274823167
510 510 0.667529512997 -0.534085140033
510 515 0.678520071772 -0.535304817812
510 520 0.689557317837 -0.536406079586
510 525 0.70064069137 -0.537387720266
510 530 0.711769623144 -0.538248514517
510 535 0.722943534239 -0.538987216138
510 540 0.734161835752 -0.539602557434
510 545 0.745423928478 -0.540093248542
510 550 0.756729202593 -0.540457976734
510 555 0.768077037312 -0.540695405687
510 560 0.779466800531 -0.540804174718
510 565 0.790897848461 -0.540782897982
510 570 0.80236952523 -0.540630163632
510 575 0.813881162485 -0.540344532948
510 580 0.825432078955 -0.539924539407
510 585 0.837021580013 -0.539368687729
510 590 0.848648957197 -0.538675452861
510 595 0.860313487725 -0.537843278917
510 600 0.872014433975 -0.536870578071
510 605 0.883751042945 -0.535755729385
510 610 0.895522545683 -0.534497077589
510 615 0.907328156688 -0.533092931789
510 620 0.919167073284 -0.53154156412
510 625 0.931038474958 -0.529841208319
510 630 0.942941522664 -0.527990058231
510 635 0.954875358092 -0.52598626623
510 640 0.966839102899 -0.523827941566
510 645 0.97883185789 -0.521513148607
515 450 0.543573570913 -0.506403730254
515 455 0.553998985512 -0.508850446406
515 460 0.564476228526 -0.511191093102
515 465 0.575004823222 -0.513424668978
515 470 0.585584285849 -0.515550157941
515 475 0.596214125477 -0.517566528814
515 480 0.606893843824 -0.519472734973
515 485 0.617622935068 -0.521267713962
515 490 0.628400885657 -0.522950387088
515 495 0.639227174105 -0.524519658992
515 500 0.650101270782 -0.52597441721
515 505 0.661022637692 -0.527313531701
515 510 0.671990728234 -0.528535854356
515 515 0.683004986968 -0.529640218494
515 520 0.694064849349 -0.530625438318
515 525 0.705169741471 -0.531490308356
515 530 0.716319079777 -0.532233602877
515 535 0.727512270775 -0.532854075274
515 540 0.738748710728 -0.533350457422
515 545 0.750027785334 -0.533721459011
515 550 0.761348869396 -0.533965766835
515 555 0.772711326465 -0.534082044064
515 560 0.784114508479 -0.534068929473
515 565 0.795557755379 -0.533925036633
515 570 0.807040394705 -0.533648953071
515 575 0.818561741178 -0.533239239389
515 580 0.830121096258 -0.532694428334
515 585 0.841717747685 -0.532013023833
515 590 0.853350968993 -0.531193499976
515 595 0.865020019003 -0.530234299947
515 600 0.876724141291 -0.529133834912
515 605 0.888462563631 -0.527890482842
515 610 0.900234497406 -0.526502587283
515 615 0.912039136994 -0.524968456057
515 620 0.923875659119 -0.523286359909
515 625 0.935743222169 -0.521454531069
515 630 0.94764096548 -0.519471161752
515 635 0.959568008583 -0.517334402568
515 640 0.971523450407 -0.515042360856
515 645 0.983506368441 -0.51259309892
520 450 0.547621736122 -0.502160079393
520 455 0.558081901307 -0.504499761441
520 460 0.568592956782 -0.506732655269
520 465 0.579154413936 -0.50885775905
520 470 0.589765776991 -0.51087405626
520 475 0.600426542827 -0.512780515324
520 480 0.611136200804 -0.514576089247
520 485 0.621894232573 -0.516259715225
520 490 0.632700111871 -0.517830314235
520 495 0.643553304319 -0.519286790605
520 500 0.654453267199 -0.520628031568
520 505 0.665399449222 -0.521852906788
520 510 0.676391290295 -0.522960267869
520 515 0.687428221261 -0.523948947838
520 520 0.698509663641 -0.524817760605
520 525 0.709635029358 -0.525565500399
520 530 0.720803720445 -0.526190941178
520 535 0.73201512875 -0.52669283601
520 540 0.743268635617 -0.527069916427
520 545 0.754563611555 -0.527320891751
520 550 0.765899415899 -0.527444448384
520 555 0.777275396442 -0.527439249072
520 560 0.788690889064 -0.527303932128
520 565 0.800145217334 -0.527037110627
520 570 0.811637692095 -0.526637371552
520 575 0.823167611035 -0.52610327491
520 580 0.834734258231 -0.5254333528
520 585 0.846336903671 -0.524626108441
520 590 0.857974802763 -0.523680015148
520 595 0.869647195804 -0.522593515261
520 600 0.881353307439 -0.52136501902
520 605 0.893092346079 -0.519992903389
520 610 0.904863503302 -0.518475510809
520 615 0.916665953216 -0.516811147907
520 620 0.92849885179 -0.514998084117
520 625 0.940361336155 -0.513034550248
520 630 0.952252523862 -0.510918736964
520 635 0.964171512108 -0.508648793194
520 640 0.976117376912 -0.506222824448
520 645 0.988089172256 -0.503638891047
525 450 0.551621840679 -0.497894793935
525 455 0.562115827988 -0.500127001043
525 460 0.572659759484 -0.50225170548
525 465 0.583253134618 -0.504267905043
525 470 0.593895445513 -0.506174582869
525 475 0.604586176794 -0.507970707071
525 480 0.615324805396 -0.509655230371
525 485 0.626110800368 -0.511227089704
525 490 0.636943622671 -0.512685205805
525 495 0.647822724956 -0.514028482774
525 500 0.658747551343 -0.515255807628
525 505 0.669717537178 -0.516366049824
525 510 0.680732108792 -0.517358060761
525 515 0.691790683237 -0.518230673261
525 520 0.702892668015 -0.518982701027
525 525 0.714037460794 -0.519612938075
525 530 0.725224449113 -0.520120158135
525 535 0.73645301007 -0.520503114036
525 540 0.747722509999 -0.520760537052
525 545 0.759032304126 -0.520891136223
525 550 0.770381736221 -0.520893597643
525 555 0.781770138221 -0.520766583719
525 560 0.793196829841 -0.520508732391
525 565 0.804661118174 -0.520118656318
525 570 0.816162297257 -0.519594942025
525 575 0.827699647629 -0.518936149011
525 580 0.839272435864 -0.518140808813
525 585 0.850879914081 -0.517207424026
525 590 0.862521319432 -0.516134467276
525 595 0.874195873561 -0.514920380142
525 600 0.885902782041 -0.513563572027
525 605 0.897641233782 -0.51206241897
525 610 0.909410400408 -0.510415262398
525 615 0.921209435604 -0.50862040782
525 620 0.933037474426 -0.50667612345
525 625 0.944893632579 -0.504580638756
525 630 0.956777005658 -0.502332142941
525 635 0.968686668343 -0.499928783333
525 640 0.980621673558 -0.497368663699
525 645 0.992581051578 -0.494649842459
530 450 0.555574755447 -0.493607678437
530 455 0.566101637527 -0.495731957845
530 460 0.576677509484 -0.497748024362
530 465 0.587301858759 -0.499654875504
530 470 0.597974165314 -0.501451494153
530 475 0.608693901445 -0.503136848206
530 480 0.619460531592 -0.504709890189
530 485 0.630273512135 -0.506169556866
530 490 0.641132291179 -0.507514768817
530 495 0.652036308335 -0.508744430005
530 500 0.662984994481 -0.509857427319
530 505 0.673977771523 -0.510852630093
530 510 0.685014052134 -0.511728889611
530 515 0.696093239492 -0.512485038579
530 520 0.707214726995 -0.513119890579
530 525 0.718377897973 -0.513632239499
530 530 0.729582125379 -0.514020858932
530 535 0.74082677147 -0.514284501553
530 540 0.752111187475 -0.514421898465
530 545 0.76343471324 -0.514431758512
530 550 0.774796676871 -0.514312767569
530 555 0.786196394341 -0.514063587791
530 560 0.797633169101 -0.513682856831
530 565 0.809106291651 -0.51316918702
530 570 0.820615039109 -0.512521164512
530 575 0.832158674749 -0.511737348385
530 580 0.84373644752 -0.510816269701
530 585 0.855347591543 -0.509756430519
530 590 0.866991325583 -0.508556302864
530 595 0.878666852494 -0.507214327642
530 600 0.890373358639 -0.505728913504
530 605 0.902110013277 -0.504098435653
530 610 0.913875967926 -0.502321234589
530 615 0.925670355689 -0.500395614792
530 620 0.937492290542 -0.49831984334
530 625 0.949340866594 -0.496092148452
530 630 0.961215157303 -0.493710717951
530 635 0.973114214645 -0.491173697653
530 640 0.985037068252 -0.488479189669
530 645 0.99698272449 -0.485625250602
535 450 0.559481320314 -0.489298514359
535 455 0.570040170205 -0.491314401282
535 460 0.580647047216 -0.493221369253
535 465 0.591301426711 -0.495018415598
535 470 0.602002776417 -0.496704523042
535 475 0.612750556234 -0.498278659353
535 480 0.623544218034 -0.499739776957
535 485 0.634383205452 -0.501086812534
535 490 0.645266953665 -0.502318686602
535 495 0.656194889163 -0.503434303077
535 500 0.667166429507 -0.504432548808
535 505 0.678180983077 -0.5053122931
535 510 0.689237948811 -0.506072387209
535 515 0.700336715925 -0.506711663813
535 520 0.711476663629 -0.507228936465
535 525 0.722657160821 -0.507622999013
535 530 0.733877565777 -0.507892625001
535 535 0.74513722582 -0.508036567041
535 540 0.756435476975 -0.508053556152
535 545 0.76777164361 -0.507942301074
535 550 0.779145038059 -0.50770148755
535 555 0.79055496023 -0.507329777572
535 560 0.80200069719 -0.506825808594
535 565 0.813481522741 -0.506188192712
535 570 0.82499669696 -0.505415515796
535 575 0.836545465734 -0.504506336593
535 580 0.84812706026 -0.503459185779
535 585 0.859740696529 -0.502272564968
535 590 0.871385574786 -0.500944945672
535 595 0.883060878951 -0.499474768214
535 600 0.89476577603 -0.497860440584
535 605 0.90649941548 -0.496100337238
535 610 0.918260928555 -0.494192797837
535 615 0.93004942761 -0.492136125924
535 620 0.941864005372 -0.489928587532
535 625 0.953703734173 -0.487568409715
535 630 0.965567665146 -0.485053779009
535 635 0.977454827374 -0.48238283981
535 640 0.989364226992 -0.479553692654
535 645 1.00129484624 -0.476564392421
540 450 0.563342345326 -0.484967059949
540 455 0.573932235753 -0.486874077463
540 460 0.584569181851 -0.488671474059
540 465 0.595252646837 -0.490358246966
540 470 0.605982086133 -0.49193337885
540 475 0.616756947171 -0.493395837442
540 480 0.627576669178 -0.49474457516
540 485 0.638440682971 -0.495978528696
540 490 0.649348410719 -0.4970966186
540 495 0.660299265714 -0.498097748828
540 500 0.671292652117 -0.498980806286
540 505 0.682327964703 -0.49974466034
540 510 0.693404588584 -0.500388162309
540 515 0.704521898931 -0.500910144936
540 520 0.715679260671 -0.501309421834
540 525 0.726876028184 -0.501584786904
540 530 0.738111544971 -0.501735013733
540 535 0.749385143322 -0.50175885496
540 540 0.76069614396 -0.501655041611
540 545 0.772043855666 -0.501422282414
540 550 0.783427574901 -0.50105926307
540 555 0.794846585392 -0.5005646455
540 560 0.806300157714 -0.499937067052
540 565 0.817787548847 -0.499175139675
540 570 0.829308001707 -0.49827744905
540 575 0.840860744666 -0.497242553684
540 580 0.852444991039 -0.496068983958
540 585 0.864059938555 -0.494755241132
540 590 0.87570476879 -0.493299796298
540 595 0.887378646592 -0.49170108929
540 600 0.899080719453 -0.489957527526
540 605 0.910810116873 -0.488067484809
540 610 0.922565949678 -0.486029300053
540 615 0.934347309302 -0.483841275957
540 620 0.946153267046 -0.481501677599
540 625 0.957982873283 -0.479008730962
540 630 0.969835156629 -0.476360621388
540 635 0.981709123067 -0.473555491938
540 640 0.993603755029 -0.470591441672
540 645 1.00551801042 -0.467466523833
545 450 0.567158611761 -0.480613050067
545 455 0.577778614421 -0.482410708987
545 460 0.588444692363 -0.48409804906
545 465 0.599156296586 -0.485674067517
545 470 0.609912870134 -0.487137747057
545 475 0.620713847892 -0.488488055475
545 480 0.631558656373 -0.489723945275
545 485 0.642446713492 -0.490844353258
545 490 0.653377428335 -0.491848200096
545 495 0.664350200911 -0.492734389886
545 500 0.675364421902 -0.493501809681
545 505 0.686419472386 -0.494149329002
545 510 0.697514723568 -0.494675799326
545 515 0.708649536479 -0.495080053555
545 520 0.719823261676 -0.495360905455
545 525 0.731035238918 -0.495517149074
545 530 0.742284796839 -0.495547558134
545 535 0.753571252594 -0.495450885394
545 540 0.764893911497 -0.495225861983
545 545 0.77625206664 -0.494871196708
545 550 0.787644998495 -0.494385575323
545 555 0.799071974498 -0.493767659772
545 560 0.810532248611 -0.49301608739
545 565 0.822025060869 -0.492129470073
545 570 0.833549636905 -0.491106393407
545 575 0.845105187442 -0.489945415751
545 580 0.85669090778 -0.488645067289
545 585 0.86830597724 -0.487203849019
545 590 0.879949558593 -0.48562023171
545 595 0.891620797453 -0.483892654797
545 600 0.903318821649 -0.482019525226
545 605 0.915042740558 -0.479999216238
545 610 0.926791644406 -0.477830066099
545 615 0.938564603536 -0.475510376753
545 620 0.950360667635 -0.473038412421
545 625 0.962178864925 -0.470412398111
545 630 0.974018201306 -0.467630518063
545 635 0.985877659456 -0.4646909141
545 640 0.997756197884 -0.461591683898
545 645 1.00965274993 -0.458330879158
550 450 0.570930873114 -0.476236195943
550 455 0.581580057974 -0.477923994691
550 460 0.59227432853 -0.479500780649
550 465 0.60301312349 -0.48096555115
550 470 0.613795873447 -0.482317289027
550 475 0.624622000664 -0.483554962237
550 480 0.635490918857 -0.484677523467
550 485 0.646402032965 -0.485683909723
550 490 0.657354738904 -0.4865730419
550 495 0.668348423323 -0.48734382433
550 500 0.679382463332 -0.48799514431
550 505 0.690456226232 -0.488525871612
550 510 0.701569069224 -0.488934857969
550 515 0.71272033911 -0.489220936535
550 520 0.723909371979 -0.489382921326
550 525 0.735135492875 -0.489419606633
550 530 0.74639801546 -0.489329766409
550 535 0.757696241651 -0.489112153629
550 540 0.769029461248 -0.48876549962
550 545 0.78039695154 -0.488288513363
550 550 0.791797976899 -0.487679880763
550 555 0.803231788349 -0.486938263881
550 560 0.814697623118 -0.486062300137
550 565 0.826194704175 -0.485050601469
550 570 0.837722239731 -0.483901753464
550 575 0.849279422732 -0.482614314434
550 580 0.860865430318 -0.481186814457
550 585 0.872479423261 -0.47961775437
550 590 0.884120545371 -0.477905604713
550 595 0.895787922879 -0.476048804623
550 600 0.907480663786 -0.474045760668
550 605 0.919197857175 -0.471894845628
550 610 0.9309385725 -0.469594397213
550 615 0.942701858827 -0.467142716717
550 620 0.954486744044 -0.464538067597
550 625 0.966292234021 -0.461778673985
550 630 0.978117311737 -0.458862719116
550 635 0.989960936349 -0.455788343672
550 640 1.00182204222 -0.452553644045
550 645 1.01369953788 -0.449156670486
555 450 0.574659856022 -0.47183618488
555 455 0.585337290608 -0.473413609337
555 460 0.596058811847 -0.474879331007
555 465 0.606823846083 -0.476232347426
555 470 0.617631811376 -0.477471641663
555 475 0.628482117293 -0.478596181935
555 480 0.639374164674 -0.479604921216
555 485 0.650307345397 -0.480496796817
555 490 0.66128104213 -0.481270729953
555 495 0.67229462807 -0.48192562529
555 500 0.683347466672 -0.482460370469
555 505 0.694438911366 -0.482873835613
555 510 0.705568305259 -0.483164872806
555 515 0.716734980827 -0.483332315555
555 520 0.727938259593 -0.483374978224
555 525 0.739177451787 -0.483291655443
555 530 0.750451855994 -0.483081121495
555 535 0.761760758786 -0.48274212967
555 540 0.773103434337 -0.482273411591
555 545 0.784479144021 -0.481673676513
555 550 0.795887135991 -0.480941610588
555 555 0.807326644738 -0.480075876093
555 560 0.818796890631 -0.479075110631
555 565 0.83029707944 -0.477937926285
555 570 0.841826401823 -0.476662908738
555 575 0.853384032807 -0.475248616354
555 580 0.864969131229 -0.473693579208
555 585 0.876580839162 -0.471996298073
555 590 0.888218281302 -0.470155243363
555 595 0.899880564332 -0.468168854014
555 600 0.911566776256 -0.466035536317
555 605 0.923275985694 -0.463753662692
555 610 0.935007241145 -0.461321570395
555 615 0.946759570211 -0.458737560167
555 620 0.958531978781 -0.455999894806
555 625 0.970323450173 -0.453106797665
555 630 0.982132944229 -0.450056451077
555 635 0.993959396364 -0.446846994685
555 640 1.00580171656 -0.443476523692
555 645 1.01765878831 -0.439943087006
560 450 0.578346261125 -0.467412679887
560 455 0.589051009813 -0.468879203238
560 460 0.599798836386 -0.470233337715
560 465 0.610589154745 -0.471474081165
560 470 0.621421370344 -0.472600416992
560 475 0.632294879971 -0.473611313781
560 480 0.643209071509 -0.474505724892
560 485 0.654163323692 -0.475282588043
560 490 0.665157005853 -0.475940824873
560 495 0.676189477651 -0.476479340484
560 500 0.687260088795 -0.47689702296
560 505 0.69836817875 -0.477192742877
560 510 0.709513076436 -0.47736535277
560 515 0.720694099905 -0.477413686601
560 520 0.731910556012 -0.477336559182
560 525 0.743161740068 -0.477132765583
560 530 0.754446935476 -0.476801080519
560 535 0.765765413352 -0.476340257694
560 540 0.777116432132 -0.475749029127
560 545 0.788499237156 -0.47502610445
560 550 0.799913060236 -0.474170170161
560 555 0.811357119205 -0.473179888858
560 560 0.822830617446 -0.472053898426
560 565 0.834332743391 -0.470790811192
560 570 0.845862670012 -0.469389213043
560 575 0.857419554269 -0.467847662493
560 580 0.86900253655 -0.466164689717
560 585 0.880610740071 -0.464338795529
560 590 0.892243270254 -0.462368450316
560 595 0.903899214072 -0.460252092918
560 600 0.915577639357 -0.457988129454
560 605 0.927277594085 -0.455574932084
560 610 0.938998105614 -0.453010837717
560 615 0.950738179886 -0.450294146645
560 620 0.962496800592 -0.447423121107
560 625 0.974272928283 -0.444395983786
560 630 0.986065499447 -0.441210916214
560 635 0.997873425528 -0.437866057099
560 640 1.00969559189 -0.43435950056
560 645 1.02153085673 -0.430689294265
565 450 0.581990763852 -0.462965319246
565 455 0.592721887155 -0.464320401813
565 460 0.603495069575 -0.465562413304
565 465 0.614309712491 -0.466690351981
565 470 0.625165208673 -0.467703201695
565 475 0.636060942047 -0.4685999315
565 480 0.646996287456 -0.46937949525
565 485 0.657970610408 -0.470040831173
565 490 0.668983266809 -0.470582861438
565 495 0.680033602692 -0.471004491683
565 500 0.691120953927 -0.471304610544
565 505 0.70224464592 -0.47148208915
565 510 0.713403993304 -0.471535780594
565 515 0.724598299609 -0.471464519392
565 520 0.735826856918 -0.471267120909
565 525 0.747088945515 -0.470942380761
565 530 0.758383833511 -0.470489074194
565 535 0.769710776454 -0.469905955431
565 540 0.781069016923 -0.469191756994
565 545 0.792457784104 -0.46834518899
565 550 0.803876293345 -0.467364938372
565 555 0.815323745692 -0.466249668159
565 560 0.826799327404 -0.464998016624
565 565 0.838302209443 -0.463608596445
565 570 0.849831546945 -0.462079993814
565 575 0.861386478661 -0.460410767503
565 580 0.872966126372 -0.458599447891
565 585 0.884569594283 -0.456644535938
565 590 0.896195968374 -0.454544502111
565 595 0.907844315732 -0.452297785262
565 600 0.919513683845 -0.449902791441
565 605 0.931203099857 -0.447357892659
565 610 0.942911569793 -0.444661425582
565 615 0.954638077735 -0.441811690159
565 620 0.966381584963 -0.438806948182
565 625 0.978141029048 -0.435645421768
565 630 0.989915322897 -0.432325291756
565 635 1.00170335374 -0.428844696028
565 640 1.01350398208 -0.425201727727
565 645 1.02531604057 -0.421394433386
570 450 0.58559401516 -0.458493716019
570 455 0.596350569008 -0.45973680508
570 460 0.60714815292 -0.460866144729
570 465 0.617986155678 -0.461880733754
570 470 0.628863957285 -0.462779556559
570 475 0.639780928724 -0.463561582779
570 480 0.650736431713 -0.464225766866
570 485 0.661729818442 -0.464771047669
570 490 0.672760431305 -0.46519634799
570 495 0.683827602615 -0.465500574114
570 500 0.694930654308 -0.465682615333
570 505 0.706068897635 -0.465741343435
570 510 0.717241632842 -0.465675612176
570 515 0.72844814883 -0.465484256736
570 520 0.739687722807 -0.465166093137
570 525 0.750959619922 -0.464719917645
570 530 0.762263092878 -0.464144506145
570 535 0.773597381539 -0.463438613487
570 540 0.784961712508 -0.462600972798
570 545 0.796355298691 -0.461630294772
570 550 0.807777338843 -0.460525266919
570 555 0.819227017091 -0.459284552789
570 560 0.830703502434 -0.457906791151
570 565 0.842205948219 -0.456390595139
570 570 0.853733491603 -0.454734551359
570 575 0.865285252971 -0.45293721895
570 580 0.876860335342 -0.450997128603
570 585 0.888457823743 -0.448912781532
570 590 0.900076784542 -0.446682648396
570 595 0.911716264767 -0.444305168165
570 600 0.923375291373 -0.441778746933
570 605 0.935052870485 -0.439101756671
570 610 0.946747986592 -0.436272533912
570 615 0.958459601712 -0.433289378375
570 620 0.970186654501 -0.430150551514
570 625 0.981928059322 -0.426854274991
570 630 0.993682705264 -0.423398729066
570 635 1.00544945511 -0.419782050903
570 640 1.01722714424 -0.416002332783
570 645 1.02901457947 -0.412057620213
575 450 0.589156642211 -0.453997457482
575 455 0.599937677217 -0.455127987078
575 460 0.610758702666 -0.456144092784
575 465 0.62161909466 -0.457044774023
575 470 0.632518220351 -0.457829015866
575 475 0.643455437696 -0.458495788637
575 480 0.654430095199 -0.459044047501
575 485 0.665441531645 -0.459472732035
575 490 0.676489075823 -0.459780765783
575 495 0.687572046232 -0.45996705579
575 500 0.698689750777 -0.460030492108
575 505 0.709841486454 -0.459969947296
575 510 0.721026539018 -0.459784275883
575 515 0.732244182639 -0.45947231382
575 520 0.743493679538 -0.459032877894
575 525 0.754774279614 -0.458464765132
575 530 0.766085220051 -0.457766752169
575 535 0.777425724907 -0.456937594586
575 540 0.788795004683 -0.455976026229
575 545 0.800192255882 -0.454880758484
575 550 0.811616660531 -0.453650479534
575 555 0.823067385701 -0.452283853566
575 560 0.83454358299 -0.450779519955
575 565 0.846044387986 -0.449136092404
575 570 0.857568919711 -0.447352158043
575 575 0.86911628003 -0.44542627649
575 580 0.880685553037 -0.44335697886
575 585 0.892275804409 -0.441142766734
575 590 0.903886080731 -0.438782111075
575 595 0.915515408786 -0.436273451084
575 600 0.92716279481 -0.433615193014
575 605 0.938827223707 -0.430805708907
575 610 0.950507658232 -0.427843335279
575 615 0.962203038121 -0.424726371734
575 620 0.973912279182 -0.421453079502
575 625 0.985634272343 -0.418021679905
575 630 0.997367882634 -0.41443035274
575 635 1.00911194813 -0.410677234569
575 640 1.02086527883 -0.406760416923
575 645 1.03262665546 -0.402677944405
580 450 0.592679248981 -0.449476104487
580 455 0.603483809713 -0.45049349522
580 460 0.614327310397 -0.451395791436
580 465 0.625209114376 -0.452181993315
580 470 0.636128575867 -0.452851086705
580 475 0.647085039713 -0.453402042734
580 480 0.658077841117 -0.45383381739
580 485 0.669106305368 -0.454145351095
580 490 0.680169747555 -0.454335568248
580 495 0.691267472267 -0.454403376759
580 500 0.70239877328 -0.454347667561
580 505 0.71356293323 -0.454167314093
580 510 0.724759223279 -0.453861171767
580 515 0.735986902754 -0.453428077416
580 520 0.747245218778 -0.452866848709
580 525 0.758533405888 -0.452176283542
580 530 0.769850685625 -0.45135515941
580 535 0.78119626612 -0.450402232744
580 540 0.792569341648 -0.449316238215
580 545 0.803969092171 -0.448095888019
580 550 0.815394682858 -0.44673987112
580 555 0.826845263582 -0.44524685246
580 560 0.838319968393 -0.443615472131
580 565 0.84981791497 -0.441844344521
580 570 0.861338204046 -0.439932057398
580 575 0.872879918801 -0.437877170972
580 580 0.884442124238 -0.435678216901
580 585 0.896023866512 -0.433333697247
580 590 0.907624172241 -0.430842083392
580 595 0.919242047778 -0.428201814888
580 600 0.930876478441 -0.425411298261
580 605 0.942526427716 -0.422468905744
580 610 0.954190836406 -0.419372973955
580 615 0.96586862175 -0.416121802498
580 620 0.97755867648 -0.412713652501
580 625 0.989259867846 -0.409146745066
580 630 1.00097103657 -0.405419259643
580 635 1.01269099577 -0.401529332313
580 640 1.02441852978 -0.39747505398
580 645 1.03615239295 -0.393254468458
585 450 0.596162416835 -0.444929190753
585 455 0.606989541057 -0.445832849565
585 460 0.617854543572 -0.446620747097
585 465 0.628756774875 -0.447291884397
585 470 0.639695576166 -0.447845248212
585 475 0.650670279084 -0.44827981059
585 480 0.661680205442 -0.448594528459
585 485 0.672724666938 -0.448788343198
585 490 0.683802964867 -0.448860180179
585 495 0.694914389808 -0.448808948295
585 500 0.706058221305 -0.44863353947
585 505 0.717233727534 -0.448332828139
585 510 0.728440164951 -0.447905670714
585 515 0.739676777932 -0.447350905026
585 520 0.750942798388 -0.446667349735
585 525 0.762237445371 -0.445853803728
585 530 0.773559924663 -0.444909045473
585 535 0.784909428337 -0.443831832363
585 540 0.796285134312 -0.442620900015
585 545 0.807686205877 -0.441274961548
585 550 0.8191117912 -0.439792706825
585 555 0.830561022813 -0.438172801657
585 560 0.84203301707 -0.436413886976
585 565 0.853526873584 -0.434514577966
585 570 0.865041674639 -0.432473463156
585 575 0.876576484566 -0.430289103466
585 580 0.888130349101 -0.427960031213
585 585 0.8997022947 -0.425484749063
585 590 0.911291327827 -0.422861728937
585 595 0.922896434211 -0.420089410857
585 600 0.934516578055 -0.417166201744
585 605 0.946150701214 -0.414090474145
585 610 0.957797722325 -0.410860564899
585 615 0.9694565359 -0.407474773737
585 620 0.981126011362 -0.403931361805
585 625 0.992804992036 -0.400228550108
585 630 1.00449229408 -0.396364517876
585 635 1.01618670538 -0.392337400833
585 640 1.02788698434 -0.388145289379
585 645 1.03959185864 -0.383786226663
590 450 0.59960670503 -0.440356222081
590 455 0.610455422946 -0.441145542024
590 460 0.62134094601 -0.4418184378
590 465 0.63226261179 -0.442373911448
590 470 0.643219748377 -0.442810950732
590 475 0.654211674119 -0.443128528738
590 480 0.665237697344 -0.443325603455
590 485 0.676297116066 -0.443401117339
590 490 0.687389217688 -0.443353996851
590 495 0.698513278677 -0.443183151988
590 500 0.709668564244 -0.44288747578
590 505 0.720854327994 -0.442465843778
590 510 0.732069811571 -0.441917113513
590 515 0.743314244281 -0.441240123928
590 520 0.754586842708 -0.440433694799
590 525 0.7658868103 -0.439496626115
590 530 0.777213336949 -0.43842769744
590 535 0.788565598545 -0.437225667248
590 540 0.799942756515 -0.43588927222
590 545 0.811343957338 -0.434417226519
590 550 0.822768332037 -0.432808221025
590 555 0.834214995654 -0.431060922541
590 560 0.845683046694 -0.429173972955
590 565 0.857171566545 -0.427145988375
590 570 0.868679618877 -0.424975558208
590 575 0.880206249001 -0.422661244209
590 580 0.891750483209 -0.420201579477
590 585 0.903311328071 -0.417595067403
590 590 0.91488776971 -0.414840180573
590 595 0.92647877303 -0.411935359605
590 600 0.938083280911 -0.408879011939
590 605 0.949700213363 -0.405669510562
590 610 0.961328466634 -0.402305192661
590 615 0.972966912277 -0.398784358221
590 620 0.984614396159 -0.395105268534
590 625 0.996269737431 -0.391266144637
590 630 1.00793172743 -0.387265165667
590 635 1.01959912851 -0.38310046712
590 640 1.03127067288 -0.378770139022
590 645 1.04294506123 -0.374272223988
595 450 0.603012651176 -0.435756675481
595 455 0.613881984647 -0.436431035475
595 460 0.62478703832 -0.436988312314
595 465 0.635727136744 -0.437427509152
595 470 0.646701594816 -0.437747614894
595 475 0.657709717501 -0.437947603788
595 480 0.668750799549 -0.438026435006
595 485 0.679824125192 -0.437983052201
595 490 0.690928967839 -0.437816383047
595 495 0.702064589746 -0.437525338763
595 500 0.713230241682 -0.437108813611
595 505 0.724425162571 -0.436565684377
595 510 0.735648579133 -0.435894809831
595 515 0.746899705489 -0.435095030153
595 520 0.758177742773 -0.434165166353
595 525 0.769481878705 -0.433104019647
595 530 0.78081128716 -0.431910370816
595 535 0.792165127712 -0.430582979536
595 540 0.803542545158 -0.429120583677
595 545 0.814942669023 -0.427521898567
595 550 0.82636461304 -0.425785616228
595 555 0.837807474609 -0.423910404579
595 560 0.849270334227 -0.421894906592
595 565 0.860752254894 -0.419737739418
595 570 0.872252281497 -0.417437493472
595 575 0.88376944015 -0.414992731468
595 580 0.895302737518 -0.412401987416
595 585 0.906851160099 -0.409663765561
595 590 0.918413673475 -0.406776539281
595 595 0.929989221522 -0.403738749917
595 600 0.941576725584 -0.400548805562
595 605 0.953175083605 -0.397205079769
595 610 0.964783169212 -0.393705910209
595 615 0.97639983076 -0.390049597249
595 620 0.988023890313 -0.38623440246
595 625 0.999654142583 -0.382258547046
595 630 1.01128935381 -0.378120210182
595 635 1.02292826056 -0.373817527273
595 640 1.0345695685 -0.369348588102
595 645 1.04621195107 -0.364711434889
600 450 0.606380771641 -0.431129998227
600 455 0.617269733393 -0.431688762795
600 460 0.628193318264 -0.432129789155
600 465 0.639150837704 -0.432452081701
600 470 0.650141593322 -0.432654630606
600 475 0.661164876607 -0.432736411406
600 480 0.672219968634 -0.432696384581
600 485 0.683306139757 -0.432533495106
600 490 0.694422649287 -0.432246671993
600 495 0.705568745164 -0.431834827809
600 500 0.716743663606 -0.431296858172
600 505 0.727946628747 -0.430631641229
600 510 0.739176852262 -0.429838037111
600 515 0.750433532974 -0.428914887363
600 520 0.761715856439 -0.427861014353
600 525 0.773022994523 -0.426675220648
600 530 0.784354104952 -0.425356288374
600 535 0.795708330846 -0.423902978535
600 540 0.807084800235 -0.422314030315
600 545 0.818482625542 -0.420588160335
600 550 0.82990090306 -0.418724061889
600 555 0.841338712389 -0.416720404136
600 560 0.852795115856 -0.41457583126
600 565 0.864269157908 -0.412288961589
600 570 0.875759864471 -0.409858386673
600 575 0.887266242283 -0.407282670318
600 580 0.898787278197 -0.404560347574
600 585 0.910321938441 -0.401689923673
600 590 0.921869167854 -0.398669872916
600 595 0.933427889075 -0.395498637505
600 600 0.944997001692 -0.392174626316
600 605 0.956575381357 -0.388696213607
600 610 0.968161878839 -0.385061737665
600 615 0.979755319047 -0.381269499379
600 620 0.991354499983 -0.377317760736
600 625 1.00295819165 -0.373204743242
600 630 1.01456513492 -0.368928626254
600 635 1.02617404026 -0.364487545221
600 640 1.03778358653 -0.359879589827
600 645 1.04939241956 -0.355102802033
605 450 0.609711561908 -0.426475606809
605 455 0.62061915471 -0.426918125808
605 460 0.631560261081 -0.427242255519
605 465 0.642534179276 -0.427447001712
605 470 0.653540197528 -0.427531355953
605 475 0.664577593755 -0.427494295198
605 480 0.675645635259 -0.427334781362
605 485 0.686743578413 -0.427051760873
605 490 0.697870668331 -0.426644164209
605 495 0.709026138525 -0.426110905412
605 500 0.720209210553 -0.425450881585
605 505 0.731419093643 -0.424662972363
605 510 0.742654984311 -0.423746039369
605 515 0.753916065953 -0.42269892564
605 520 0.765201508426 -0.42152045503
605 525 0.77651046761 -0.420209431589
605 530 0.787842084947 -0.418764638915
605 535 0.799195486966 -0.417184839472
605 540 0.810569784779 -0.415468773886
605 545 0.821964073564 -0.413615160205
605 550 0.833377432015 -0.411622693123
605 555 0.844808921774 -0.409490043175
605 560 0.856257586832 -0.407215855889
605 565 0.867722452907 -0.404798750902
605 570 0.879202526789 -0.402237321035
605 575 0.890696795654 -0.39953013132
605 580 0.902204226348 -0.396675717983
605 585 0.913723764631 -0.393672587379
605 590 0.92525433439 -0.390519214873
605 595 0.93679483681 -0.387214043662
605 600 0.948344149502 -0.383755483547
605 605 0.959901125586 -0.38014190963
605 610 0.971464592735 -0.376371660956
605 615 0.983033352154 -0.372443039077
605 620 0.994606177521 -0.368354306538
605 625 1.00618181386 -0.364103685294
605 630 1.01775897637 -0.359689355024
605 635 1.02933634914 -0.355109451369
605 640 1.04091258388 -0.350362064058
605 645 1.05248629849 -0.345445234941
610 450 0.613005496876 -0.421792885798
610 455 0.623930712707 -0.422118494125
610 460 0.634888319738 -0.422325066113
610 465 0.64587760294 -0.422411609039
610 470 0.656897837076 -0.422377115999
610 475 0.667948286395 -0.422220565499
610 480 0.67902820433 -0.421940921023
610 485 0.690136833168 -0.421537130583
610 490 0.701273403717 -0.421008126255
610 495 0.712437134957 -0.420352823688
610 500 0.72362723367 -0.419570121602
610 505 0.734842894062 -0.418658901253
610 510 0.746083297367 -0.417618025888
610 515 0.757347611431 -0.416446340167
610 520 0.768634990283 -0.415142669566
610 525 0.779944573681 -0.413705819748
610 530 0.791275486648 -0.412134575917
610 535 0.802626838975 -0.410427702132
610 540 0.813997724713 -0.408583940596
610 545 0.825387221637 -0.406602010918
610 550 0.836794390686 -0.404480609328
610 555 0.848218275377 -0.402218407874
610 560 0.859657901197 -0.399814053565
610 565 0.871112274957 -0.397266167485
610 570 0.882580384128 -0.394573343865
610 575 0.894061196132 -0.391734149102
610 580 0.90555365761 -0.38874712074
610 585 0.91705669365 -0.385610766399
610 590 0.928569206974 -0.382323562648
610 595 0.94009007709 -0.378883953825
610 600 0.951618159397 -0.375290350798
610 605 0.96315228425 -0.371541129661
610 610 0.974691255968 -0.367634630362
610 615 0.986233851795 -0.363569155261
610 620 0.997778820813 -0.359342967615
610 625 1.00932488278 -0.354954289971
610 630 1.02087072692 -0.350401302485
610 635 1.03241501065 -0.345682141137
610 640 1.04395635819 -0.340794895857
610 645 1.0554933592 -0.335737608534
615 450 0.616263031115 -0.417081186611
615 455 0.627204850299 -0.417289203897
615 460 0.638177925137 -0.417377541886
615 465 0.649181527228 -0.417345209495
615 470 0.660214917766 -0.417191201489
615 475 0.671277347237 -0.41691449806
615 480 0.682368055098 -0.416514064396
615 485 0.69348626945 -0.41598885023
615 490 0.704631206688 -0.415337789371
615 495 0.715802071142 -0.414559799213
615 500 0.726998054707 -0.413653780226
615 505 0.738218336447 -0.412618615425
615 510 0.749462082189 -0.411453169815
615 515 0.760728444103 -0.410156289817
615 520 0.772016560256 -0.408726802664
615 525 0.78332555415 -0.407163515772
615 530 0.794654534244 -0.405465216087
615 535 0.806002593447 -0.403630669401
615 540 0.817368808596 -0.401658619635
615 545 0.828752239906 -0.399547788094
615 550 0.840151930398 -0.397296872691
615 555 0.851566905298 -0.394904547122
615 560 0.862996171409 -0.392369460021
615 565 0.874438716458 -0.389690234064
615 570 0.885893508405 -0.386865465032
615 575 0.897359494725 -0.383893720834
615 580 0.908835601651 -0.380773540477
615 585 0.920320733385 -0.377503432992
615 590 0.931813771266 -0.3740818763
615 595 0.943313572897 -0.370507316029
615 600 0.95481897123 -0.366778164264
615 605 0.966328773602 -0.36289279824
615 610 0.977841760724 -0.358849558961
615 615 0.989356685612 -0.354646749752
615 620 1.00087227247 -0.350282634729
615 625 1.01238721549 -0.345755437192
615 630 1.02390017764 -0.341063337926
615 635 1.03540978931 -0.336204473412
615 640 1.04691464694 -0.331176933934
615 645 1.05841331155 -0.325978761583
620 450 0.619484599066 -0.41233982616
620 455 0.630441989382 -0.41242955645
620 460 0.641429486265 -0.412398968647
620 465 0.652446347844 -0.412247073451
620 470 0.663491821652 -0.411972867435
620 475 0.674565144308 -0.411575332617
620 480 0.685665541196 -0.41105343603
620 485 0.696792226119 -0.410406129268
620 490 0.70794440095 -0.409632348012
620 495 0.719121255257 -0.408731011539
620 500 0.730321965928 -0.407701022212
620 505 0.741545696762 -0.406541264941
620 510 0.752791598056 -0.405250606633
620 515 0.764058806171 -0.403827895609
620 520 0.775346443077 -0.402271961
620 525 0.786653615881 -0.400581612116
620 530 0.797979416331 -0.398755637789
620 535 0.809322920307 -0.396792805684
620 540 0.820683187275 -0.394691861584
620 545 0.832059259729 -0.392451528639
620 550 0.843450162606 -0.390070506581
620 555 0.854854902665 -0.387547470907
620 560 0.86627246785 -0.384881072021
620 565 0.877701826614 -0.382069934336
620 570 0.889141927215 -0.379112655335
620 575 0.900591696978 -0.376007804586
620 580 0.912050041521 -0.372753922713
620 585 0.923515843945 -0.369349520306
620 590 0.934987963977 -0.365793076794
620 595 0.946465237082 -0.362083039247
620 600 0.957946473521 -0.358217821126
620 605 0.969430457359 -0.35419580096
620 610 0.980915945435 -0.35001532097
620 615 0.992401666258 -0.3456746856
620 620 1.00388631886 -0.341172159991
620 625 1.0153685716 -0.336505968354
620 630 1.02684706083 -0.331674292268
620 635 1.03832038961 -0.326675268877
620 640 1.04978712625 -0.321506988986
620 645 1.06124580279 -0.316167495053
625 450 0.62267061519 -0.407568085397
625 455 0.633642530954 -0.407538816807
625 460 0.644643390275 -0.407388595573
625 465 0.65567243772 -0.407116434327
625 470 0.666728907062 -0.40672133159
625 475 0.677812020954 -0.406202271352
625 480 0.688920990598 -0.405558222635
625 485 0.700055015393 -0.404788139036
625 490 0.711213282576 -0.403890958254
625 495 0.722394966839 -0.402865601592
625 500 0.733599229941 -0.401710973447
625 505 0.744825220291 -0.400425960773
625 510 0.756072072528 -0.399009432521
625 515 0.767338907071 -0.397460239058
625 520 0.778624829653 -0.395777211557
625 525 0.789928930844 -0.393959161368
625 530 0.801250285534 -0.392004879356
625 535 0.812587952418 -0.389913135208
625 540 0.823940973432 -0.387682676715
625 545 0.835308373187 -0.385312229019
625 550 0.846689158362 -0.382800493826
625 555 0.858082317073 -0.380146148581
625 560 0.86948681822 -0.377347845611
625 565 0.880901610791 -0.374404211219
625 570 0.892325623144 -0.371313844743
625 575 0.90375776225 -0.368075317567
625 580 0.915196912895 -0.364687172084
625 585 0.926641936856 -0.361147920606
625 590 0.938091672019 -0.357456044225
625 595 0.949544931471 -0.353609991616
625 600 0.961000502527 -0.349608177771
625 605 0.972457145724 -0.345448982684
625 610 0.983913593753 -0.341130749951
625 615 0.995368550334 -0.336651785305
625 620 1.00682068904 -0.332010355075
625 625 1.01826865205 -0.327204684554
625 630 1.02971104883 -0.322232956283
625 635 1.04114645475 -0.31709330824
625 640 1.05257340963 -0.311783831923
625 645 1.06399041616 -0.306302570331
630 450 0.625821474063 -0.40276520773
630 455 0.636806855173 -0.402616212087
630 460 0.64782000252 -0.402345633592
630 465 0.658860147014 -0.401952486953
630 470 0.669926508566 -0.401435772792
630 475 0.681018295761 -0.400794477218
630 480 0.692134705512 -0.400027571389
630 485 0.703274922705 -0.399134011054
630 490 0.714438119826 -0.398112736076
630 495 0.725623456571 -0.396962669933
630 500 0.736830079446 -0.395682719207
630 505 0.748057121348 -0.394271773041
630 510 0.759303701122 -0.392728702579
630 515 0.770568923108 -0.391052360383
630 520 0.781851876666 -0.389241579821
630 525 0.793151635675 -0.387295174433
630 530 0.804467258023 -0.385211937267
630 535 0.815797785057 -0.382990640184
630 540 0.827142241024 -0.380630033136
630 545 0.83849963248 -0.378128843414
630 550 0.849868947671 -0.375485774848
630 555 0.861249155892 -0.372699506991
630 560 0.872639206806 -0.369768694247
630 565 0.884038029743 -0.366691964969
630 570 0.895444532956 -0.363467920509
630 575 0.906857602849 -0.360095134228
630 580 0.918276103161 -0.35657215045
630 585 0.929698874113 -0.352897483371
630 590 0.941124731516 -0.349069615913
630 595 0.952552465825 -0.345086998518
630 600 0.963980841158 -0.340948047884
630 605 0.975408594253 -0.336651145633
630 610 0.986834433373 -0.332194636907
630 615 0.99825703716 -0.327576828903
630 620 1.00967505342 -0.322795989309
630 625 1.02108709785 -0.317850344676
630 630 1.03249175267 -0.312738078685
630 635 1.04388756523 -0.307457330325
630 640 1.05527304649 -0.302006191969
630 645 1.06664666943 -0.296382707335
635 450 0.628937550418 -0.397930397305
635 455 0.639935321366 -0.39766092977
635 460 0.650959666522 -0.397269253621
635 465 0.662009803039 -0.396754385798
635 470 0.673084936866 -0.396115329175
635 475 0.684184262414 -0.395351072133
635 480 0.695306962201 -0.394460588118
635 485 0.706452206485 -0.393442835182
635 490 0.717619152884 -0.392296755505
635 495 0.72880694598 -0.391021274894
635 500 0.740014716901 -0.389615302266
635 505 0.751241582897 -0.388077729107
635 510 0.762486646889 -0.38640742891
635 515 0.773748996998 -0.384603256584
635 520 0.785027706064 -0.382664047847
635 525 0.796321831132 -0.380588618585
635 530 0.807630412924 -0.378375764183
635 535 0.818952475284 -0.376024258836
635 540 0.830287024602 -0.373532854817
635 545 0.841633049205 -0.370900281719
635 550 0.85298951873 -0.368125245663
635 555 0.864355383458 -0.365206428465
635 560 0.875729573629 -0.362142486774
635 565 0.887110998709 -0.358932051154
635 570 0.898498546641 -0.355573725137
635 575 0.909891083044 -0.352066084227
635 580 0.921287450382 -0.348407674848
635 585 0.932686467089 -0.344597013249
635 590 0.944086926654 -0.340632584352
635 595 0.955487596652 -0.336512840542
635 600 0.966887217734 -0.332236200393
635 605 0.978284502564 -0.327801047331
635 610 0.989678134693 -0.323205728226
635 615 1.00106676738 -0.318448551913
635 620 1.01244902236 -0.313527787625
635 625 1.02382348851 -0.30844166335
635 630 1.03518872047 -0.303188364093
635 635 1.04654323722 -0.297766030043
635 640 1.05788552049 -0.292172754631
635 645 1.06921401313 -0.286406582488
640 450 0.632019199123 -0.393062817151
640 455 0.643028267973 -0.392672115817
640 460 0.654062703875 -0.392158584675
640 465 0.665121710129 -0.391521243053
640 470 0.676204478622 -0.390759096233
640 475 0.687310189483 -0.389871135025
640 480 0.698438010723 -0.388856335319
640 485 0.709587097859 -0.387713657629
640 490 0.720756593523 -0.386442046608
640 495 0.731945627057 -0.385040430548
640 500 0.743153314085 -0.383507720859
640 505 0.75437875608 -0.381842811529
640 510 0.765621039898 -0.380044578556
640 515 0.776879237301 -0.378111879358
640 520 0.788152404461 -0.376043552161
640 525 0.799439581433 -0.373838415356
640 530 0.810739791619 -0.371495266832
640 535 0.822052041194 -0.369012883276
640 540 0.833375318519 -0.366390019445
640 545 0.844708593517 -0.363625407402
640 550 0.856050817029 -0.360717755721
640 555 0.867400920136 -0.357665748654
640 560 0.878757813451 -0.354468045257
640 565 0.890120386375 -0.351123278477
640 570 0.901487506325 -0.3476300542
640 575 0.912858017913 -0.343986950242
640 580 0.924230742097 -0.340192515303
640 585 0.935604475285 -0.33624526786
640 590 0.946977988391 -0.332143695016
640 595 0.958350025849 -0.327886251274
640 600 0.969719304576 -0.323471357266
640 605 0.981084512876 -0.318897398408
640 610 0.992444309294 -0.314162723481
640 615 1.0037973214 -0.309265643143
640 620 1.01514214453 -0.304204428361
640 625 1.02647734041 -0.298977308753
640 630 1.03780143576 -0.293582470839
640 635 1.0491129208 -0.2880180562
640 640 1.06041024765 -0.282282159526
640 645 1.07169182866 -0.276372826554
645 450 0.635066755113 -0.388161587168
645 455 0.646086012424 -0.387648872641
645 460 0.657129414084 -0.38701271181
645 465 0.668196149438 -0.386252126554
645 470 0.679285396204 -0.385366124723
645 475 0.690396320125 -0.384353699717
645 480 0.701528074593 -0.383213830033
645 485 0.712679800266 -0.381945478807
645 490 0.723850624668 -0.380547593326
645 495 0.735039661777 -0.379019104529
645 500 0.746246011584 -0.377358926484
645 505 0.757468759646 -0.375565955842
645 510 0.768706976617 -0.373639071268
645 515 0.779959717755 -0.371577132855
645 520 0.791226022411 -0.369378981502
645 525 0.802504913497 -0.367043438273
645 530 0.81379539693 -0.364569303724
645 535 0.825096461049 -0.361955357205
645 540 0.83640707601 -0.359200356124
645 545 0.847726193152 -0.356303035186
645 550 0.859052744332 -0.353262105591
645 555 0.870385641234 -0.350076254195
645 560 0.881723774644 -0.346744142641
645 565 0.893066013685 -0.343264406434
645 570 0.904411205027 -0.339635653988
645 575 0.915758172051 -0.335856465614
645 580 0.927105713971 -0.331925392467
645 585 0.93845260492 -0.327840955439
645 590 0.949797592982 -0.323601643991
645 595 0.961139399184 -0.319205914936
645 600 0.972476716427 -0.314652191153
645 605 0.983808208368 -0.309938860235
645 610 0.995132508239 -0.305064273067
645 615 1.00644821761 -0.300026742327
645 620 1.01775390508 -0.294824540912
645 625 1.02904810489 -0.289455900264
645 630 1.04032931547 -0.283919008625
645 635 1.05159599792 -0.278212009168
645 640 1.06284657434 -0.272332998046
645 645 1.07407942616 -0.266280022312
